arkanoid levels:


nivel# teste

0 0 0 0 0 1 1 0 0 0 0 0 
0 0 0 0 0 0 0 0 0 0 0 0 
0 0 0 0 0 0 0 0 0 0 0 0 
0 0 0 0 0 1 1 0 0 0 0 0 
0 0 0 0 0 0 0 0 0 0 0 0 
0 0 0 0 0 0 0 0 0 0 0 0 
0 0 0 0 0 1 1 0 0 0 0 0 

nivel 1

1 1 1 1 1 1 1 1 1 1 1 1 
1 0 0 0 0 0 0 0 0 0 0 1 
1 0 0 0 0 0 0 0 0 0 0 1 
1 1 1 1 1 1 1 1 1 1 1 1 
1 0 0 0 0 0 0 0 0 0 0 1 
1 0 0 0 0 0 0 0 0 0 0 1 
1 1 1 1 1 1 1 1 1 1 1 1 

nivel 2

1 0 1 1 2 2 2 2 1 1 0 1
0 2 1 0 1 1 1 1 0 1 2 0
1 1 2 1 0 1 1 0 1 2 1 1
0 1 1 2 1 0 0 1 2 1 1 1
1 1 2 1 2 1 1 2 1 2 1 1
0 2 1 1 0 1 1 0 1 1 2 0
1 0 1 1 0 1 1 0 1 1 0 1


nivel 3

0 0 2 2 2 2 2 2 2 2 0 0 
0 2 0 0 0 0 0 0 0 0 2 0
2 0 0 1 1 1 1 1 1 0 0 2
2 0 1 0 0 0 0 0 0 1 0 2
2 0 0 1 1 1 1 1 1 0 0 2
0 2 0 0 0 0 0 0 0 0 2 0
0 0 2 2 0 0 0 0 2 2 0 0 


nivel 4

0 0 1 0 0 0 0 0 0 1 0 0
0 0 0 1 0 0 0 0 1 0 0 0
0 0 1 1 1 1 1 1 1 1 0 0
0 1 1 1 0 1 1 0 1 1 1 0
0 1 0 1 1 1 1 1 1 0 1 0
0 2 0 1 0 0 0 0 1 0 2 0
0 0 0 2 2 0 0 2 2 0 0 0


nivel 5

2 2 2 2 2 2 2 2 2 2 2 2
2 1 1 1 1 1 1 1 1 1 1 2
2 1 1 1 1 1 1 1 1 1 1 2 
2 1 1 1 1 1 1 1 1 1 1 2 
2 1 1 1 1 1 1 1 1 1 1 2 
2 1 1 1 1 1 1 1 1 1 1 2 
2 1 1 1 1 1 1 1 1 1 1 2